place: lat,long

Tokyo:  35.676716, 139.770712
Kyoto:  35.004902, 135.773764
Osaka:  34.689957, 135.506081
Hiroshima:  34.383757, 132.459846
Nagasaki:  32.749778, 129.880569
Fukuoka:  33.587801, 130.407002
Aso-Kuju National Park:  32.907229, 131.079038
Fukushima:  37.758164, 140.481590
Mount Fuji:  35.363053, 138.731577
Niigata:  37.914288, 139.050368
Aomori:  40.815643, 140.759428
Izumo:  35.363898, 132.757360